0.00 0.00 10
15.00 0.00 5
11.67 9.43 5
1.00 19.97 10
-13.23 10.67 7
-15.87 -2.06 6
-9.97 -12.51 6
1.53 -15.93 6
17.49 -14.79 10
24.85 -1.72 5
26.18 13.22 10
17.52 31.25 10
-28.53 5.99 9
-25.35 -7.64 5
-22.15 -21.27 9
-6.34 -27.51 8
6.54 -25.72 5
15.72 -29.69 5
-13.76 22.66 5
-24.54 20.45 6
2.22 35.92 6
-12.76 36.62 9
29.72 -29.33 9
32.47 -15.60 5
38.78 -3.10 9
42.09 11.53 6
-40.29 -8.93 10
-39.54 -28.92 10
-31.67 34.77 10
5.53 -39.68 9
-17.76 -35.61 6
-41.48 18.50 9
-50.05 4.99 7
38.41 21.90 5
33.51 31.75 6
43.27 -20.83 7
28.67 42.73 6
50.28 -11.09 5
54.44 0.16 7
53.08 12.08 5
-28.28 -38.83 5
9.66 44.02 5
-59.27 -8.09 9
-8.37 -41.34 5
-0.29 42.97 5
-51.28 -19.59 5
21.21 -42.88 7
34.19 -43.65 6
48.71 -36.94 10
51.79 26.02 9
43.44 38.48 6
-47.47 32.25 6
-57.90 22.91 8
-62.21 9.59 6
61.23 -21.34 10
-55.52 -29.74 6
-73.47 1.26 8
-50.27 -39.40 5
-37.01 -43.71 5
64.31 -6.66 5
69.14 6.48 9
65.97 21.14 6
-67.71 -22.85 8
66.14 35.14 8
-76.92 -12.31 6
54.56 43.00 6
-57.84 35.91 5
-44.34 42.80 5
-70.47 32.81 8
-71.29 18.83 6
-82.88 12.94 7
-64.87 -35.54 5
72.85 -11.86 5
85.31 -3.50 10
63.69 -36.14 5
72.44 -31.30 5
79.68 -21.73 7
80.93 20.08 9
81.11 36.08 7
95.51 11.33 8
-82.67 -23.97 7
-75.28 -33.42 5
-59.25 -43.81 5
-71.77 -42.78 5
-89.36 -0.59 8
-95.07 -15.54 8
-82.67 25.94 6
96.59 -20.01 10
-88.85 -39.81 10
83.82 -35.10 7
95.82 -34.99 5
97.59 29.21 10
-93.40 20.57 6
-103.23 9.24 9
102.30 -4.00 7
110.05 7.66 7
-103.39 -29.20 8
-84.20 38.85 7
-93.74 31.56 5
91.44 43.98 6
-104.99 -5.66 6
-102.50 26.74 5
-115.74 22.18 9
112.69 21.41 7
72.89 -40.06 5
-108.05 -16.23 5
-63.78 43.96 5
-115.02 -23.40 5
-104.50 -43.16 6
106.54 -32.54 6
115.58 -20.57 9
116.78 -4.62 7
114.80 37.27 9
63.00 -41.51 5
-97.59 42.92 7
-110.40 37.26 7
-118.11 7.37 6
-120.84 -8.40 10
91.74 -44.12 5
-119.54 -37.70 10
-125.00 -22.81 5
81.76 -44.69 5
126.03 8.43 9
102.44 43.84 5
127.15 25.39 8
110.54 52.69 7
-112.35 -50.86 5
102.74 -43.92 6
118.71 -42.93 10
131.53 -28.91 9
129.68 39.16 6
-110.26 54.26 10
-120.67 43.46 5
-73.75 44.75 5
-131.38 32.96 10
126.44 -11.74 5
139.71 -4.75 10
-136.95 -30.10 9
143.76 -20.23 6
-129.14 18.13 5
-134.22 5.09 9
127.38 54.99 10
-142.60 -11.96 10
114.52 66.11 7
-126.23 -56.55 10
-111.86 -60.85 5
-142.74 -47.14 9
107.74 -55.92 7
119.57 -57.91 5
200.0 200.0 -200.0 200.0
-200.0 200.0 -200.0 -200.0
-200.0 -200.0 200.0 -200.0
200.0 -200.0 200.0 200.0
100.0 100.0 -100.0 100.0
-100.0 100.0 -100.0 50.0
-100.0 50.0 100.0 50.0
100.0 50.0 100.0 100.0
100.0 -100.0 -100.0 -100.0
-100.0 -100.0 -100.0 -50.0
-100.0 -50.0 100.0 -50.0
100.0 -50.0 100.0 -100.0
