0 0 2
4 0 2
2.0 3.46 2
-2.0 3.46 2
-4.0 -0.0 2
-2.0 -3.46 2
2.0 -3.46 2
6.0 3.46 2
4.0 6.92 2
0.0 6.92 2
-4.0 6.92 2
-6.0 3.46 2
-6.0 -3.46 2
-4.0 -6.92 2
-0.0 -6.92 2
4.0 -6.92 2
6.0 -3.46 2
8.0 0.0 2
-8.0 -0.0 2
2.0 10.38 2
-2.0 10.38 2
-2.0 -10.38 2
2.0 -10.38 2
10.0 3.46 2
8.0 6.92 2
-8.0 6.92 2
-10.0 3.46 2
-10.0 -3.46 2
-8.0 -6.92 2
8.0 -6.92 2
10.0 -3.46 2
6.0 10.38 2
-6.0 10.38 2
-6.0 -10.38 2
6.0 -10.38 2
12.0 0.0 2
-12.0 -0.0 2
4.0 13.84 2
0.0 13.84 2
-4.0 13.84 2
-4.0 -13.84 2
-0.0 -13.84 2
4.0 -13.84 2
12.0 6.92 2
10.0 10.38 2
-10.0 10.38 2
-12.0 6.92 2
-12.0 -6.92 2
-10.0 -10.38 2
10.0 -10.38 2
12.0 -6.92 2
14.0 3.46 2
-14.0 3.46 2
-14.0 -3.46 2
14.0 -3.46 2
8.0 13.84 2
-8.0 13.84 2
-8.0 -13.84 2
8.0 -13.84 2
16.0 0.0 2
-16.0 -0.0 2
2.0 17.3 2
-2.0 17.3 2
-2.0 -17.3 2
2.0 -17.3 2
16.0 6.92 2
14.0 10.38 2
-14.0 10.38 2
-16.0 6.92 2
-16.0 -6.92 2
-14.0 -10.38 2
14.0 -10.38 2
16.0 -6.92 2
6.0 17.3 2
-6.0 17.3 2
-6.0 -17.3 2
6.0 -17.3 2
12.0 13.84 2
-12.0 13.84 2
-12.0 -13.84 2
12.0 -13.84 2
18.0 3.46 2
-18.0 3.46 2
-18.0 -3.46 2
18.0 -3.46 2
10.0 17.3 2
-10.0 17.3 2
-10.0 -17.3 2
10.0 -17.3 2
20.0 0.0 2
-20.0 -0.0 2
4.0 20.76 2
0.0 20.76 2
-4.0 20.76 2
-4.0 -20.76 2
-0.0 -20.76 2
4.0 -20.76 2
18.0 10.38 2
16.0 13.84 2
-16.0 13.84 2
-18.0 10.38 2
-18.0 -10.38 2
-16.0 -13.84 2
16.0 -13.84 2
18.0 -10.38 2
20.0 6.92 2
-20.0 6.92 2
-20.0 -6.92 2
20.0 -6.92 2
8.0 20.76 2
-8.0 20.76 2
-8.0 -20.76 2
8.0 -20.76 2
14.0 17.3 2
-14.0 17.3 2
-14.0 -17.3 2
14.0 -17.3 2
22.0 3.46 2
-22.0 3.46 2
-22.0 -3.46 2
22.0 -3.46 2
12.0 20.76 2
-12.0 20.76 2
-12.0 -20.76 2
12.0 -20.76 2
24.0 0.0 2
-24.0 -0.0 2
2.0 24.22 2
-2.0 24.22 2
-2.0 -24.22 2
2.0 -24.22 2
22.0 10.38 2
20.0 13.84 2
-20.0 13.84 2
-22.0 10.38 2
-22.0 -10.38 2
-20.0 -13.84 2
20.0 -13.84 2
22.0 -10.38 2
6.0 24.22 2
-6.0 24.22 2
-6.0 -24.22 2
6.0 -24.22 2
18.0 17.3 2
-18.0 17.3 2
-18.0 -17.3 2
18.0 -17.3 2
24.0 6.92 2
-24.0 6.92 2
-24.0 -6.92 2
24.0 -6.92 2
10.0 24.22 2
-10.0 24.22 2
-10.0 -24.22 2
10.0 -24.22 2
16.0 20.76 2
-16.0 20.76 2
-16.0 -20.76 2
16.0 -20.76 2
26.0 3.46 2
-26.0 3.46 2
-26.0 -3.46 2
26.0 -3.46 2
14.0 24.22 2
-14.0 24.22 2
-14.0 -24.22 2
14.0 -24.22 2
28.0 0.0 2
-28.0 -0.0 2
4.0 27.68 2
0.0 27.68 2
-4.0 27.68 2
-4.0 -27.68 2
-0.0 -27.68 2
4.0 -27.68 2
24.0 13.84 2
22.0 17.3 2
-22.0 17.3 2
-24.0 13.84 2
-24.0 -13.84 2
-22.0 -17.3 2
22.0 -17.3 2
24.0 -13.84 2
26.0 10.38 2
-26.0 10.38 2
-26.0 -10.38 2
26.0 -10.38 2
8.0 27.68 2
-8.0 27.68 2
-8.0 -27.68 2
8.0 -27.68 2
20.0 20.76 2
-20.0 20.76 2
-20.0 -20.76 2
20.0 -20.76 2
28.0 6.92 2
-28.0 6.92 2
-28.0 -6.92 2
28.0 -6.92 2
12.0 27.68 2
-12.0 27.68 2
-12.0 -27.68 2
12.0 -27.68 2
18.0 24.22 2
-18.0 24.22 2
-18.0 -24.22 2
18.0 -24.22 2
30.0 3.46 2
-30.0 3.46 2
-30.0 -3.46 2
30.0 -3.46 2
2.0 31.14 2
-2.0 31.14 2
-2.0 -31.14 2
2.0 -31.14 2
28.0 13.84 2
26.0 17.3 2
-26.0 17.3 2
-28.0 13.84 2
-28.0 -13.84 2
-26.0 -17.3 2
26.0 -17.3 2
28.0 -13.84 2
6.0 31.14 2
-6.0 31.14 2
-6.0 -31.14 2
6.0 -31.14 2
16.0 27.68 2
-16.0 27.68 2
-16.0 -27.68 2
16.0 -27.68 2
24.0 20.76 2
-24.0 20.76 2
-24.0 -20.76 2
24.0 -20.76 2
30.0 10.38 2
-30.0 10.38 2
-30.0 -10.38 2
30.0 -10.38 2
32.0 0.0 2
-32.0 -0.0 2
10.0 31.14 2
-10.0 31.14 2
-10.0 -31.14 2
10.0 -31.14 2
22.0 24.22 2
-22.0 24.22 2
-22.0 -24.22 2
22.0 -24.22 2
32.0 6.92 2
-32.0 6.92 2
-32.0 -6.92 2
32.0 -6.92 2
14.0 31.14 2
-14.0 31.14 2
-14.0 -31.14 2
14.0 -31.14 2
20.0 27.68 2
-20.0 27.68 2
-20.0 -27.68 2
20.0 -27.68 2
34.0 3.46 2
-34.0 3.46 2
-34.0 -3.46 2
34.0 -3.46 2
4.0 34.6 2
0.0 34.6 2
-4.0 34.6 2
-4.0 -34.6 2
-0.0 -34.6 2
4.0 -34.6 2
30.0 17.3 2
28.0 20.76 2
-28.0 20.76 2
-30.0 17.3 2
-30.0 -17.3 2
-28.0 -20.76 2
28.0 -20.76 2
30.0 -17.3 2
32.0 13.84 2
-32.0 13.84 2
-32.0 -13.84 2
32.0 -13.84 2
8.0 34.6 2
-8.0 34.6 2
-8.0 -34.6 2
8.0 -34.6 2
26.0 24.22 2
-26.0 24.22 2
-26.0 -24.22 2
26.0 -24.22 2
34.0 10.38 2
-34.0 10.38 2
-34.0 -10.38 2
34.0 -10.38 2
18.0 31.14 2
-18.0 31.14 2
-18.0 -31.14 2
18.0 -31.14 2
36.0 0.0 2
-36.0 -0.0 2
12.0 34.6 2
-12.0 34.6 2
-12.0 -34.6 2
12.0 -34.6 2
24.0 27.68 2
-24.0 27.68 2
-24.0 -27.68 2
24.0 -27.68 2
36.0 6.92 2
-36.0 6.92 2
-36.0 -6.92 2
36.0 -6.92 2
16.0 34.6 2
-16.0 34.6 2
-16.0 -34.6 2
16.0 -34.6 2
22.0 31.14 2
-22.0 31.14 2
-22.0 -31.14 2
22.0 -31.14 2
38.0 3.46 2
-38.0 3.46 2
-38.0 -3.46 2
38.0 -3.46 2
2.0 38.06 2
-2.0 38.06 2
-2.0 -38.06 2
2.0 -38.06 2
34.0 17.3 2
32.0 20.76 2
-32.0 20.76 2
-34.0 17.3 2
-34.0 -17.3 2
-32.0 -20.76 2
32.0 -20.76 2
34.0 -17.3 2
6.0 38.06 2
-6.0 38.06 2
-6.0 -38.06 2
6.0 -38.06 2
30.0 24.22 2
-30.0 24.22 2
-30.0 -24.22 2
30.0 -24.22 2
36.0 13.84 2
-36.0 13.84 2
-36.0 -13.84 2
36.0 -13.84 2
10.0 38.06 2
-10.0 38.06 2
-10.0 -38.06 2
10.0 -38.06 2
28.0 27.68 2
-28.0 27.68 2
-28.0 -27.68 2
28.0 -27.68 2
38.0 10.38 2
-38.0 10.38 2
-38.0 -10.38 2
38.0 -10.38 2
20.0 34.6 2
-20.0 34.6 2
-20.0 -34.6 2
20.0 -34.6 2
40.0 0.0 2
-40.0 -0.0 2
14.0 38.06 2
-14.0 38.06 2
-14.0 -38.06 2
14.0 -38.06 2
26.0 31.14 2
-26.0 31.14 2
-26.0 -31.14 2
26.0 -31.14 2
40.0 6.92 2
-40.0 6.92 2
-40.0 -6.92 2
40.0 -6.92 2
4.0 41.52 2
0.0 41.52 2
-4.0 41.52 2
-4.0 -41.52 2
-0.0 -41.52 2
4.0 -41.52 2
18.0 38.06 2
-18.0 38.06 2
-18.0 -38.06 2
18.0 -38.06 2
24.0 34.6 2
-24.0 34.6 2
-24.0 -34.6 2
24.0 -34.6 2
36.0 20.76 2
34.0 24.22 2
-34.0 24.22 2
-36.0 20.76 2
-36.0 -20.76 2
-34.0 -24.22 2
34.0 -24.22 2
36.0 -20.76 2
38.0 17.3 2
-38.0 17.3 2
-38.0 -17.3 2
38.0 -17.3 2
42.0 3.46 2
-42.0 3.46 2
-42.0 -3.46 2
42.0 -3.46 2
8.0 41.52 2
-8.0 41.52 2
-8.0 -41.52 2
8.0 -41.52 2
32.0 27.68 2
-32.0 27.68 2
-32.0 -27.68 2
32.0 -27.68 2
40.0 13.84 2
-40.0 13.84 2
-40.0 -13.84 2
40.0 -13.84 2
12.0 41.52 2
-12.0 41.52 2
-12.0 -41.52 2
12.0 -41.52 2
30.0 31.14 2
-30.0 31.14 2
-30.0 -31.14 2
30.0 -31.14 2
42.0 10.38 2
-42.0 10.38 2
-42.0 -10.38 2
42.0 -10.38 2
22.0 38.06 2
-22.0 38.06 2
-22.0 -38.06 2
22.0 -38.06 2
44.0 0.0 2
-44.0 -0.0 2
16.0 41.52 2
-16.0 41.52 2
-16.0 -41.52 2
16.0 -41.52 2
28.0 34.6 2
-28.0 34.6 2
-28.0 -34.6 2
28.0 -34.6 2
44.0 6.92 2
-44.0 6.92 2
-44.0 -6.92 2
44.0 -6.92 2
2.0 44.98 2
-2.0 44.98 2
-2.0 -44.98 2
2.0 -44.98 2
40.0 20.76 2
38.0 24.22 2
-38.0 24.22 2
-40.0 20.76 2
-40.0 -20.76 2
-38.0 -24.22 2
38.0 -24.22 2
40.0 -20.76 2
6.0 44.98 2
-6.0 44.98 2
-6.0 -44.98 2
6.0 -44.98 2
36.0 27.68 2
-36.0 27.68 2
-36.0 -27.68 2
36.0 -27.68 2
42.0 17.3 2
-42.0 17.3 2
-42.0 -17.3 2
42.0 -17.3 2
20.0 41.52 2
-20.0 41.52 2
-20.0 -41.52 2
20.0 -41.52 2
26.0 38.06 2
-26.0 38.06 2
-26.0 -38.06 2
26.0 -38.06 2
46.0 3.46 2
-46.0 3.46 2
-46.0 -3.46 2
46.0 -3.46 2
10.0 44.98 2
-10.0 44.98 2
-10.0 -44.98 2
10.0 -44.98 2
34.0 31.14 2
-34.0 31.14 2
-34.0 -31.14 2
34.0 -31.14 2
44.0 13.84 2
-44.0 13.84 2
-44.0 -13.84 2
44.0 -13.84 2
14.0 44.98 2
-14.0 44.98 2
-14.0 -44.98 2
14.0 -44.98 2
32.0 34.6 2
-32.0 34.6 2
-32.0 -34.6 2
32.0 -34.6 2
46.0 10.38 2
-46.0 10.38 2
-46.0 -10.38 2
46.0 -10.38 2
24.0 41.52 2
-24.0 41.52 2
-24.0 -41.52 2
24.0 -41.52 2
48.0 0.0 2
-48.0 -0.0 2
18.0 44.98 2
-18.0 44.98 2
-18.0 -44.98 2
18.0 -44.98 2
30.0 38.06 2
-30.0 38.06 2
-30.0 -38.06 2
30.0 -38.06 2
48.0 6.92 2
-48.0 6.92 2
-48.0 -6.92 2
48.0 -6.92 2
4.0 48.44 2
0.0 48.44 2
-4.0 48.44 2
-4.0 -48.44 2
-0.0 -48.44 2
4.0 -48.44 2
42.0 24.22 2
40.0 27.68 2
-40.0 27.68 2
-42.0 24.22 2
-42.0 -24.22 2
-40.0 -27.68 2
40.0 -27.68 2
42.0 -24.22 2
