0.00 0.00 10
15.00 0.00 5
11.67 9.43 5
1.00 19.97 10
-13.23 10.67 7
-15.87 -2.06 6
-9.97 -12.51 6
1.53 -15.93 6
17.49 -14.79 10
24.85 -1.72 5
26.18 13.22 10
17.52 31.25 10
-28.53 5.99 9
-25.35 -7.64 5
-22.15 -21.27 9
-6.34 -27.51 8
6.54 -25.72 5
15.72 -29.69 5
-13.76 22.66 5
-24.54 20.45 6
2.22 35.92 6
-12.76 36.62 9
29.72 -29.33 9
32.47 -15.60 5
38.78 -3.10 9
42.09 11.53 6
-40.29 -8.93 10
-39.54 -28.92 10
-31.67 34.77 10
5.53 -39.68 9
-17.76 -35.61 6
-41.48 18.50 9
-50.05 4.99 7
38.41 21.90 5
33.51 31.75 6
43.27 -20.83 7
51.62 -10.86 6
53.97 1.93 7
52.84 13.88 5
-54.99 -5.95 5
-55.24 -18.95 8
-54.24 -31.91 5
49.86 25.50 7
44.63 38.49 7
-50.65 33.99 9
-57.45 19.51 7
-61.60 8.25 5
46.20 -36.56 9
54.43 -25.24 5
64.30 -16.78 8
-49.09 -40.48 5
-66.54 -2.69 7
70.86 -0.02 10
66.10 18.37 9
61.26 33.62 7
-72.19 -17.66 9
-68.58 -36.31 10
33.65 -42.77 5
23.68 -41.96 5
59.89 -33.62 5
70.10 -29.52 6
-63.94 29.60 5
-72.45 19.77 8
-77.73 5.73 7
78.95 -20.00 7
84.57 -8.28 6
-83.95 -6.81 7
81.31 13.39 7
78.91 26.17 6
95.24 3.64 10
-90.57 -22.47 10
-83.57 -35.74 5
-76.21 36.35 9
-90.09 23.37 10
-90.62 7.38 6
-96.42 -3.13 6
81.67 -32.71 6
93.18 -24.74 8
103.38 -12.41 8
93.35 20.53 7
90.43 37.28 10
-107.30 -13.46 9
-62.72 42.90 6
73.43 -40.00 5
82.74 -43.66 5
94.07 -39.71 7
-95.97 -39.64 8
-100.38 12.46 5
-106.53 3.34 6
-112.18 -31.82 10
110.70 -0.48 6
111.34 15.51 10
107.96 33.19 8
107.20 -32.45 8
119.86 -19.65 10
-119.59 -1.71 8
-107.06 22.43 7
-114.83 12.01 6
125.66 -1.56 9
-129.83 11.86 9
-123.04 -16.31 7
-132.15 -30.67 10
-102.49 37.76 9
-119.65 32.31 9
-136.01 27.70 8
128.29 14.22 7
105.27 -46.32 6
116.72 -42.72 6
129.99 -35.72 9
123.77 28.52 8
118.71 40.50 5
110.34 45.97 5
-123.16 -48.54 10
-107.17 -48.04 6
-110.18 -63.75 10
121.68 54.18 9
107.76 55.63 5
-135.39 -4.20 8
-145.90 -17.56 9
111.77 68.00 8
136.79 -21.24 7
142.97 -6.48 9
-114.32 45.25 5
-128.86 48.93 10
-140.76 39.80 5
115.44 -58.67 10
133.68 -53.34 9
131.37 41.45 7
145.19 12.39 10
138.76 28.13 7
143.17 39.29 5
-127.13 -65.07 7
-120.48 -78.51 8
-106.50 -79.32 6
-148.60 14.83 10
-157.94 -2.86 10
126.71 69.37 7
119.00 83.39 9
-142.09 -46.86 9
-138.14 -60.29 5
-111.95 -94.36 10
140.62 55.71 10
141.81 74.67 9
147.09 -41.33 9
148.71 -26.42 6
-148.06 -32.40 6
-157.21 -41.63 7
152.55 45.04 6
-112.86 59.17 9
-126.11 63.68 5
-140.10 64.25 9
-147.21 49.92 7
157.41 -15.45 8
-147.95 32.85 5
-156.46 27.60 5
-119.53 73.71 7
-132.12 76.95 6
150.63 26.37 5
158.13 34.42 6
-140.33 -74.12 9
-131.67 -85.12 5
156.39 -2.49 5
165.02 9.78 10
-129.59 -97.95 8
128.36 -66.29 5
142.04 -69.28 9
149.32 -56.16 6
133.52 87.17 6
119.35 -78.28 10
136.52 -86.41 9
126.10 96.60 6
113.21 98.31 7
171.51 27.64 9
-158.79 40.39 8
-120.02 -108.17 6
-105.59 -112.26 9
-164.43 -21.78 10
-169.36 -37.00 6
-168.28 18.37 10
-174.11 2.40 7
-156.03 -56.58 8
-159.33 -74.28 10
122.90 112.28 10
106.01 110.32 7
162.57 -32.15 9
173.06 -18.77 8
155.62 55.60 5
154.41 66.53 6
159.48 -49.78 6
169.14 -44.51 5
-123.89 87.01 7
-112.45 83.40 5
-111.71 97.38 9
-129.07 102.15 9
-136.70 89.23 6
-142.69 80.00 5
-150.44 73.68 5
109.35 126.99 10
91.18 118.63 10
95.59 132.97 5
84.59 133.21 6
77.51 124.80 5
73.62 134.01 5
65.52 125.16 7
64.10 137.08 5
51.05 132.00 9
55.00 117.53 6
42.06 118.77 7
32.06 132.52 10
27.52 115.10 8
17.83 125.20 6
10.82 111.94 9
5.86 126.10 6
-7.44 117.20 10
-5.34 136.08 9
-20.88 129.18 8
-23.34 115.40 6
-35.41 122.49 8
-33.27 108.66 6
-43.61 112.40 5
-50.41 122.29 7
-55.97 108.36 8
-65.38 121.30 8
38.04 107.46 5
13.14 140.50 10
26.85 146.59 5
-32.43 135.14 5
-45.37 136.42 8
-20.76 147.18 10
-37.63 149.27 7
-57.57 131.92 5
-68.12 135.03 6
0.26 149.99 6
-8.82 157.83 6
42.96 148.08 9
30.08 159.18 8
-77.75 127.86 6
-79.61 113.98 8
-90.31 124.50 7
-95.18 110.31 8
17.86 154.74 5
7.18 162.16 8
67.53 109.29 9
53.79 106.60 5
57.38 144.49 5
55.50 154.31 5
-50.63 149.39 6
-61.91 145.30 6
-105.21 122.78 8
-119.92 116.47 8
-20.74 165.18 8
-34.34 161.85 6
-80.49 141.59 8
-92.37 136.32 5
-4.93 169.18 6
-71.91 155.10 8
71.52 143.79 5
68.33 156.39 8
83.29 146.14 7
-105.14 138.78 8
-47.34 161.97 7
-119.41 -122.16 8
-103.83 -131.18 10
-87.87 -119.12 10
-86.11 -138.04 9
-69.96 -128.03 10
-69.95 -148.03 10
-54.99 -138.02 8
-54.47 -124.03 6
-43.83 -129.57 6
-43.82 -116.57 7
-33.18 -124.04 6
-32.34 -113.07 5
-19.34 -118.26 9
-23.76 -135.71 9
-11.15 -129.62 5
-0.36 -119.20 10
-1.10 -136.18 7
9.48 -130.52 5
14.41 -121.82 5
23.32 -132.62 9
26.59 -114.92 9
36.76 -125.95 6
40.57 -115.63 5
47.35 -122.98 5
51.16 -112.66 6
42.54 -105.83 5
58.33 -122.28 6
64.89 -109.91 8
70.32 -122.81 6
81.62 -112.94 9
-37.47 -138.54 5
-11.19 -148.60 9
10.10 -140.50 5
19.73 -149.24 8
40.06 -141.61 10
58.56 -137.28 9
33.37 -159.39 9
-58.17 -109.49 9
-74.16 -109.06 7
77.56 -137.08 10
4.66 -159.08 10
-44.22 -148.46 7
-31.22 -148.72 6
-23.31 -159.04 7
92.03 -126.38 8
96.62 -113.15 6
52.27 -157.45 10
68.07 -151.19 7
-55.42 -156.86 7
104.00 -121.31 5
107.56 -111.96 5
-11.22 -169.52 9
19.53 -170.90 9
-37.02 -158.06 5
-32.37 -166.91 5
-155.09 63.71 6
-167.36 55.07 9
47.64 163.38 7
37.26 171.20 6
-45.41 -166.64 7
113.87 -119.72 5
118.32 -109.66 6
109.49 -100.12 7
123.27 -97.64 7
135.72 -101.39 6
20.06 171.65 8
95.61 -143.00 9
112.69 -134.67 10
175.10 -3.91 7
-145.29 -91.42 9
132.50 -117.06 10
83.29 -156.12 9
-58.36 157.22 5
-63.83 171.19 10
99.29 146.47 9
-177.69 -11.14 7
155.21 -82.98 10
155.98 -68.00 5
164.28 -60.78 6
-13.94 178.55 7
-159.13 -89.28 5
137.06 97.59 5
142.88 111.41 10
-175.23 36.05 9
164.54 44.56 6
167.51 57.22 7
3.39 -176.03 7
13.98 -188.02 9
145.34 89.25 6
158.28 98.65 10
157.14 79.24 7
168.19 86.09 6
85.05 163.05 10
-26.56 -180.74 10
129.67 -133.82 7
150.72 -101.44 9
-132.93 -113.60 8
-118.18 131.37 7
175.01 41.19 5
30.27 179.69 5
5.09 181.65 10
-44.54 -181.61 8
-146.57 -107.37 7
-167.48 -47.84 5
-168.98 -57.73 5
-99.02 -147.49 7
-87.24 -153.00 6
-78.24 -166.23 10
34.91 -175.32 7
47.66 -172.77 6
-89.81 156.99 10
-107.65 154.58 8
-146.96 100.17 9
-159.34 85.76 10
-60.84 -170.85 8
117.16 144.31 9
-180.06 49.19 5
59.39 165.83 5
-132.89 115.62 5
-147.47 119.16 10
166.46 70.18 6
184.02 9.38 9
184.84 23.36 5
-32.34 174.69 7
-47.26 180.48 9
180.18 -35.90 9
186.60 -22.34 6
68.01 -166.19 8
81.17 -170.97 6
-179.38 -23.02 5
-182.15 -34.69 7
59.36 -178.44 7
-172.50 -67.09 5
-58.96 -185.73 7
133.43 124.32 6
135.70 140.16 10
-24.98 185.41 6
179.38 -55.48 10
-128.86 125.90 5
-138.21 133.42 7
-121.11 -139.07 9
-112.63 -153.80 8
-172.71 72.26 9
104.99 164.59 10
-8.37 190.30 6
-183.44 23.49 6
-183.40 11.49 6
148.48 -116.27 6
-9.48 -186.43 8
1.23 -193.80 5
167.22 -72.41 6
53.14 179.47 10
38.62 188.31 7
181.69 52.34 8
73.14 179.11 10
-138.22 -130.81 10
-79.73 169.42 6
-159.18 -101.28 7
28.94 -186.87 6
101.65 -161.01 10
111.40 -149.61 5
21.42 189.22 8
-177.23 -45.64 5
187.01 36.18 8
186.40 -10.34 6
-117.74 144.88 6
-131.60 146.88 8
-187.75 -0.76 7
-191.33 -14.29 7
-179.89 -56.31 6
-149.95 -119.92 6
190.48 -45.39 5
179.18 -71.48 6
124.34 -148.39 8
138.81 -144.43 7
-175.76 -78.64 7
-169.11 -88.63 5
177.51 77.03 7
165.85 -96.24 7
180.39 -87.43 10
-97.99 -163.46 9
-90.98 -178.95 8
-188.45 61.62 10
147.89 -131.26 9
93.24 -175.79 7
118.58 158.24 5
177.06 64.49 5
188.44 68.29 7
-112.35 -167.80 6
-160.66 108.44 7
-167.32 98.46 5
-190.70 -26.27 5
-188.31 -68.72 9
42.89 -188.02 8
57.27 -192.28 7
73.71 -182.82 8
-93.37 175.65 9
-104.53 167.20 5
-176.91 89.68 8
158.55 114.65 6
151.90 125.82 7
150.50 137.74 5
-75.73 -188.51 10
162.28 -113.91 8
172.68 -106.11 5
-164.52 -116.36 9
-176.55 -101.65 10
93.87 178.74 8
85.02 188.26 5
-136.13 -150.70 10
-124.45 -163.06 7
133.47 160.04 10
193.95 19.24 5
175.20 97.04 7
173.45 112.94 9
118.60 -162.25 7
-122.65 160.14 8
200.0 200.0 -200.0 200.0
-200.0 200.0 -200.0 -200.0
-200.0 -200.0 200.0 -200.0
200.0 -200.0 200.0 200.0
100.0 100.0 -100.0 100.0
-100.0 100.0 -100.0 50.0
-100.0 50.0 100.0 50.0
100.0 50.0 100.0 100.0
100.0 -100.0 -100.0 -100.0
-100.0 -100.0 -100.0 -50.0
-100.0 -50.0 100.0 -50.0
100.0 -50.0 100.0 -100.0
